0.146708 -0.413259 0.089541 0.920339 0.657054 -0.811284 -0.051525 -0.097452 0.058113 -0.233879 -0.670312 0.874534 -3.299872 -0.648243 0.121708 -0.603811
0.910174 0.111293 1.237893 0.974837 -0.512117 0.195789 -0.867389 -1.168999 0.503189 -0.581872 -1.441547 0.421424 -1.875713 -0.702024 -0.107372 -0.041406
1.646905 0.306075 0.069248 1.211930 0.181338 0.474405 0.012286 0.312746 0.251093 -1.572701 -0.143646 -0.173602 -1.134828 0.832646 -1.137096 -0.481944
2.652057 0.407966 -0.301313 -0.475289 -0.691607 1.014497 0.338721 0.175745 0.639642 -0.767153 -0.325417 0.678512 -0.573874 1.748302 0.177694 0.160834
2.424746 0.225656 -2.367787 0.334580 -0.024662 -0.071682 -0.438778 -0.526012 -1.013170 1.306333 -1.019784 1.817447 0.776416 0.964281 -0.947679 0.503801
0.870260 1.502137 -2.711321 0.246207 -0.299595 -0.721142 -0.447321 -1.910261 0.912025 -0.444202 -1.086894 -0.331956 -0.034633 1.175984 0.069576 0.069630
1.680004 -0.562359 -1.806306 1.724203 -0.430851 -0.706295 0.146186 -0.051071 0.647326 -0.940495 -0.521925 -1.875593 0.479568 -0.242472 -0.133838 -0.166578
-0.446449 -0.466281 -1.337950 0.706049 -2.024713 -2.793128 -1.472263 0.283029 -0.693082 0.689807 -0.699453 -1.077265 -0.190671 0.659980 -2.034790 1.212467
-0.142773 -0.666420 -0.426411 0.463112 -3.083652 -2.591493 -0.647190 -0.469077 0.355512 -1.937747 -0.510478 -2.128335 -0.373898 -0.794467 -0.304970 0.458970
0.590737 -0.291757 -0.236660 0.413975 -2.826773 -1.768957 0.205256 0.797925 -0.838423 1.381150 -2.263984 -0.670105 -0.352225 0.474715 0.086261 -0.522405
